18.3091		90.6639		(1)
85.5134		8.6967		(2)
2.1801		477.8014	(3)
151.3737	272.2528	(4)
242.0995	151.1936	(5)
317.8854	53.2990		(6)
334.0580	8.7697		(7)
75.2978		590.1947	(8)
226.2412	378.9987	(9)
323.2763	256.8613	(10)
451.3086	86.3779		(11)
445.9178	26.5814		(12)
489.0445	113.0954	(13)
533.5189	58.3880		(14)
11.9555		660.1692	(15)
6.5647		809.0242	(16)
6.5647		903.1718	(17)
28.1280		880.2710	(18)
164.2466	714.8766	(19)
319.2332	510.0420	(20)
413.5728	385.3601	(21)
493.0876	275.9453	(22)
576.6456	166.5305	(23)
689.8531	13.8588		(24)
238.3706	814.1132	(25)
405.4865	595.2837	(26)
77.9933		994.7748	(27)
321.9286	938.7952	(28)
509.2601	698.3372	(29)
575.2978	548.2099	(30)
638.6402	399.3550	(31)
704.6779	246.6832	(32)
854.2736	48.2099		(33)
498.4784	919.7112	(34)
590.1226	788.6679	(35)
813.8423	311.5687	(36)
928.3976	162.7137	(37)
546.9960	987.1412	(38)
622.4677	821.7468	(39)
693.8962	661.4415	(40)
766.6725	502.4084	(41)
839.4488	333.1972	(42)
734.3275	924.8003	(43)
801.7129	756.8613	(44)
869.0984	590.1947	(45)
947.2655	400.6272	(46)
856.9690	994.7748	(47)
910.8774	857.3702	(48)
985.0013	681.7977	(49)

